289.000000 350.000000
341.000000 382.000000
301.000000 424.000000
248.000000 387.000000
375.000000 344.000000
430.000000 375.000000
399.000000 414.000000
341.000000 382.000000
280.000000 289.000000
328.000000 315.000000
289.000000 350.000000
244.000000 320.000000
359.000000 286.000000
409.000000 311.000000
376.000000 344.000000
328.000000 315.000000
190.000000 141.000000
194.000000 198.000000
144.000000 226.000000
140.000000 169.000000
238.000000 172.000000
240.000000 221.000000
197.000000 248.000000
195.000000 198.000000
278.000000 98.000000
278.000000 151.000000
238.000000 172.000000
238.000000 118.000000
362.000000 101.000000
414.000000 115.000000
404.000000 171.000000
358.000000 149.000000
404.000000 171.000000
457.000000 190.000000
446.000000 240.000000
397.000000 214.000000
468.000000 139.000000
530.000000 162.000000
514.000000 214.000000
457.000000 190.000000
236.000000 60.000000
238.000000 118.000000
190.000000 141.000000
187.000000 80.000000
423.000000 63.000000
481.000000 79.000000
468.000000 139.000000
414.000000 115.000000

