78.000000 52.000000 0.000000
78.000000 78.000000 0.000000
104.000000 78.000000 0.000000
104.000000 52.000000 0.000000
52.000000 78.000000 0.000000
52.000000 104.000000 0.000000
78.000000 104.000000 0.000000
78.000000 78.000000 0.000000
52.000000 26.000000 0.000000
52.000000 52.000000 0.000000
78.000000 52.000000 0.000000
78.000000 26.000000 0.000000
26.000000 52.000000 0.000000
26.000000 78.000000 0.000000
52.000000 78.000000 0.000000
52.000000 52.000000 0.000000
78.000000 0.000000 78.000000
78.000000 0.000000 52.000000
104.000000 0.000000 52.000000
104.000000 0.000000 78.000000
52.000000 0.000000 52.000000
52.000000 0.000000 26.000000
78.000000 0.000000 26.000000
78.000000 0.000000 52.000000
26.000000 0.000000 78.000000
26.000000 0.000000 52.000000
52.000000 0.000000 52.000000
52.000000 0.000000 78.000000
0.000000 26.000000 78.000000
0.000000 52.000000 78.000000
0.000000 52.000000 52.000000
0.000000 26.000000 52.000000
0.000000 52.000000 52.000000
0.000000 78.000000 52.000000
0.000000 78.000000 26.000000
0.000000 52.000000 26.000000
0.000000 78.000000 78.000000
0.000000 104.000000 78.000000
0.000000 104.000000 52.000000
0.000000 78.000000 52.000000
52.000000 0.000000 104.000000
52.000000 0.000000 78.000000
78.000000 0.000000 78.000000
78.000000 0.000000 104.000000
0.000000 52.000000 104.000000
0.000000 78.000000 104.000000
0.000000 78.000000 78.000000
0.000000 52.000000 78.000000

